
NegotiateMessage[40]: 4e 54 4c 4d 53 53 50 00 01 00 00 00 b7 82 08 e2 00 00 00 00 00 00 00 00 00 00 00 00 00 00 00 00 06 01 b1 1d 00 00 00 0f
ChallengeMessage[208]: 4e 54 4c 4d 53 53 50 00 02 00 00 00 18 00 18 00 38 00 00 00 b7 82 88 e2 ca 00 70 84 ba 09 b7 49 00 00 00 00 00 00 00 00 80 00 80 00 50 00 00 00 06 01 b1 1d 00 00 00 0f 43 00 33 00 36 00 33 00 32 00 33 00 46 00 32 00 37 00 44 00 39 00 34 00 02 00 18 00 43 00 33 00 36 00 33 00 32 00 33 00 46 00 32 00 37 00 44 00 39 00 34 00 01 00 18 00 43 00 33 00 36 00 33 00 32 00 33 00 46 00 32 00 37 00 44 00 39 00 34 00 04 00 18 00 63 00 33 00 36 00 33 00 32 00 33 00 66 00 32 00 37 00 64 00 39 00 34 00 03 00 18 00 63 00 33 00 36 00 33 00 32 00 33 00 66 00 32 00 37 00 64 00 39 00 34 00 07 00 08 00 00 ad 21 8a 2f 80 d7 01 00 00 00 00
AuthenticateMessage[430]: 4e 54 4c 4d 53 53 50 00 03 00 00 00 18 00 18 00 8c 00 00 00 fa 00 fa 00 a4 00 00 00 0c 00 0c 00 58 00 00 00 10 00 10 00 64 00 00 00 18 00 18 00 74 00 00 00 10 00 10 00 9e 01 00 00 35 b2 88 e2 06 01 b1 1d 00 00 00 0f 00 00 00 00 00 00 00 00 00 00 00 00 00 00 00 00 64 00 6f 00 6d 00 61 00 69 00 6e 00 75 00 73 00 65 00 72 00 6e 00 61 00 6d 00 65 00 63 00 33 00 36 00 33 00 32 00 33 00 66 00 32 00 37 00 64 00 39 00 34 00 ed 23 d0 bd 6c 54 3c 02 dd 88 b1 a8 09 65 a6 ec 88 1f 99 c7 19 1b 7a 7e 74 4c c0 f0 03 41 82 b8 bc 4c 1d 4d 43 4b 02 2c 01 01 00 00 00 00 00 00 00 ad 21 8a 2f 80 d7 01 88 1f 99 c7 19 1b 7a 7e 00 00 00 00 02 00 18 00 43 00 33 00 36 00 33 00 32 00 33 00 46 00 32 00 37 00 44 00 39 00 34 00 01 00 18 00 43 00 33 00 36 00 33 00 32 00 33 00 46 00 32 00 37 00 44 00 39 00 34 00 04 00 18 00 63 00 33 00 36 00 33 00 32 00 33 00 66 00 32 00 37 00 64 00 39 00 34 00 03 00 18 00 63 00 33 00 36 00 33 00 32 00 33 00 66 00 32 00 37 00 64 00 39 00 34 00 07 00 08 00 00 ad 21 8a 2f 80 d7 01 06 00 04 00 02 00 00 00 0a 00 10 00 00 00 00 00 00 00 00 00 00 00 00 00 00 00 00 00 09 00 22 00 54 00 45 00 52 00 4d 00 53 00 52 00 56 00 2f 00 31 00 32 00 37 00 2e 00 30 00 2e 00 30 00 2e 00 31 00 00 00 00 00 00 00 00 00 00 00 00 00 00 00 00 00 6f 21 d1 67 fd ee fb ac b4 86 4e c4 b7 1e 9f 5b

NegotiateMessage[40]: 4e 54 4c 4d 53 53 50 00 01 00 00 00 b7 82 08 e2 00 00 00 00 00 00 00 00 00 00 00 00 00 00 00 00 06 01 b1 1d 00 00 00 0f
ChallengeMessage[208]: 4e 54 4c 4d 53 53 50 00 02 00 00 00 18 00 18 00 38 00 00 00 b7 82 88 e2 ca 00 70 84 ba 09 b7 49 00 00 00 00 00 00 00 00 80 00 80 00 50 00 00 00 06 01 b1 1d 00 00 00 0f 43 00 33 00 36 00 33 00 32 00 33 00 46 00 32 00 37 00 44 00 39 00 34 00 02 00 18 00 43 00 33 00 36 00 33 00 32 00 33 00 46 00 32 00 37 00 44 00 39 00 34 00 01 00 18 00 43 00 33 00 36 00 33 00 32 00 33 00 46 00 32 00 37 00 44 00 39 00 34 00 04 00 18 00 63 00 33 00 36 00 33 00 32 00 33 00 66 00 32 00 37 00 64 00 39 00 34 00 03 00 18 00 63 00 33 00 36 00 33 00 32 00 33 00 66 00 32 00 37 00 64 00 39 00 34 00 07 00 08 00 00 ad 21 8a 2f 80 d7 01 00 00 00 00
AuthenticateMessage[430]: 4e 54 4c 4d 53 53 50 00 03 00 00 00 18 00 18 00 8c 00 00 00 fa 00 fa 00 a4 00 00 00 0c 00 0c 00 58 00 00 00 10 00 10 00 64 00 00 00 18 00 18 00 74 00 00 00 10 00 10 00 9e 01 00 00 35 b2 88 e2 06 01 b1 1d 00 00 00 0f 00 00 00 00 00 00 00 00 00 00 00 00 00 00 00 00 64 00 6f 00 6d 00 61 00 69 00 6e 00 75 00 73 00 65 00 72 00 6e 00 61 00 6d 00 65 00 63 00 33 00 36 00 33 00 32 00 33 00 66 00 32 00 37 00 64 00 39 00 34 00 ed 23 d0 bd 6c 54 3c 02 dd 88 b1 a8 09 65 a6 ec 88 1f 99 c7 19 1b 7a 7e 74 4c c0 f0 03 41 82 b8 bc 4c 1d 4d 43 4b 02 2c 01 01 00 00 00 00 00 00 00 ad 21 8a 2f 80 d7 01 88 1f 99 c7 19 1b 7a 7e 00 00 00 00 02 00 18 00 43 00 33 00 36 00 33 00 32 00 33 00 46 00 32 00 37 00 44 00 39 00 34 00 01 00 18 00 43 00 33 00 36 00 33 00 32 00 33 00 46 00 32 00 37 00 44 00 39 00 34 00 04 00 18 00 63 00 33 00 36 00 33 00 32 00 33 00 66 00 32 00 37 00 64 00 39 00 34 00 03 00 18 00 63 00 33 00 36 00 33 00 32 00 33 00 66 00 32 00 37 00 64 00 39 00 34 00 07 00 08 00 00 ad 21 8a 2f 80 d7 01 06 00 04 00 02 00 00 00 0a 00 10 00 00 00 00 00 00 00 00 00 00 00 00 00 00 00 00 00 09 00 22 00 54 00 45 00 52 00 4d 00 53 00 52 00 56 00 2f 00 31 00 32 00 37 00 2e 00 30 00 2e 00 30 00 2e 00 31 00 00 00 00 00 00 00 00 00 00 00 00 00 00 00 00 00 6f 21 d1 67 fd ee fb ac b4 86 4e c4 b7 1e 9f 5b

NegotiateMessage[40]: 4e 54 4c 4d 53 53 50 00 01 00 00 00 b7 82 08 e2 00 00 00 00 00 00 00 00 00 00 00 00 00 00 00 00 06 01 b1 1d 00 00 00 0f
ChallengeMessage[208]: 4e 54 4c 4d 53 53 50 00 02 00 00 00 18 00 18 00 38 00 00 00 b7 82 88 e2 51 1f 5a b7 2d 37 8e dd 00 00 00 00 00 00 00 00 80 00 80 00 50 00 00 00 06 01 b1 1d 00 00 00 0f 33 00 31 00 39 00 32 00 44 00 34 00 30 00 45 00 34 00 41 00 42 00 44 00 02 00 18 00 33 00 31 00 39 00 32 00 44 00 34 00 30 00 45 00 34 00 41 00 42 00 44 00 01 00 18 00 33 00 31 00 39 00 32 00 44 00 34 00 30 00 45 00 34 00 41 00 42 00 44 00 04 00 18 00 33 00 31 00 39 00 32 00 64 00 34 00 30 00 65 00 34 00 61 00 62 00 64 00 03 00 18 00 33 00 31 00 39 00 32 00 64 00 34 00 30 00 65 00 34 00 61 00 62 00 64 00 07 00 08 00 00 e8 79 92 2f 80 d7 01 00 00 00 00
AuthenticateMessage[430]: 4e 54 4c 4d 53 53 50 00 03 00 00 00 18 00 18 00 8c 00 00 00 fa 00 fa 00 a4 00 00 00 0c 00 0c 00 58 00 00 00 10 00 10 00 64 00 00 00 18 00 18 00 74 00 00 00 10 00 10 00 9e 01 00 00 35 b2 88 e2 06 01 b1 1d 00 00 00 0f 00 00 00 00 00 00 00 00 00 00 00 00 00 00 00 00 64 00 6f 00 6d 00 61 00 69 00 6e 00 75 00 73 00 65 00 72 00 6e 00 61 00 6d 00 65 00 33 00 31 00 39 00 32 00 64 00 34 00 30 00 65 00 34 00 61 00 62 00 64 00 d1 a5 8d be e0 52 d8 03 e9 8f bc f0 5a 9b eb 4e 8e 8b b1 9c b3 28 47 75 90 5b 65 3d e6 e6 a7 76 be 6a 2e 3b 94 7e 0f da 01 01 00 00 00 00 00 00 00 e8 79 92 2f 80 d7 01 8e 8b b1 9c b3 28 47 75 00 00 00 00 02 00 18 00 33 00 31 00 39 00 32 00 44 00 34 00 30 00 45 00 34 00 41 00 42 00 44 00 01 00 18 00 33 00 31 00 39 00 32 00 44 00 34 00 30 00 45 00 34 00 41 00 42 00 44 00 04 00 18 00 33 00 31 00 39 00 32 00 64 00 34 00 30 00 65 00 34 00 61 00 62 00 64 00 03 00 18 00 33 00 31 00 39 00 32 00 64 00 34 00 30 00 65 00 34 00 61 00 62 00 64 00 07 00 08 00 00 e8 79 92 2f 80 d7 01 06 00 04 00 02 00 00 00 0a 00 10 00 00 00 00 00 00 00 00 00 00 00 00 00 00 00 00 00 09 00 22 00 54 00 45 00 52 00 4d 00 53 00 52 00 56 00 2f 00 31 00 32 00 37 00 2e 00 30 00 2e 00 30 00 2e 00 31 00 00 00 00 00 00 00 00 00 00 00 00 00 00 00 00 00 c9 90 da ec a1 9d ef 1f 73 7f 12 8d 85 6a 40 57

NegotiateMessage[40]: 4e 54 4c 4d 53 53 50 00 01 00 00 00 b7 82 08 e2 00 00 00 00 00 00 00 00 00 00 00 00 00 00 00 00 06 01 b1 1d 00 00 00 0f
ChallengeMessage[208]: 4e 54 4c 4d 53 53 50 00 02 00 00 00 18 00 18 00 38 00 00 00 b7 82 88 e2 51 1f 5a b7 2d 37 8e dd 00 00 00 00 00 00 00 00 80 00 80 00 50 00 00 00 06 01 b1 1d 00 00 00 0f 33 00 31 00 39 00 32 00 44 00 34 00 30 00 45 00 34 00 41 00 42 00 44 00 02 00 18 00 33 00 31 00 39 00 32 00 44 00 34 00 30 00 45 00 34 00 41 00 42 00 44 00 01 00 18 00 33 00 31 00 39 00 32 00 44 00 34 00 30 00 45 00 34 00 41 00 42 00 44 00 04 00 18 00 33 00 31 00 39 00 32 00 64 00 34 00 30 00 65 00 34 00 61 00 62 00 64 00 03 00 18 00 33 00 31 00 39 00 32 00 64 00 34 00 30 00 65 00 34 00 61 00 62 00 64 00 07 00 08 00 00 e8 79 92 2f 80 d7 01 00 00 00 00
AuthenticateMessage[430]: 4e 54 4c 4d 53 53 50 00 03 00 00 00 18 00 18 00 8c 00 00 00 fa 00 fa 00 a4 00 00 00 0c 00 0c 00 58 00 00 00 10 00 10 00 64 00 00 00 18 00 18 00 74 00 00 00 10 00 10 00 9e 01 00 00 35 b2 88 e2 06 01 b1 1d 00 00 00 0f 00 00 00 00 00 00 00 00 00 00 00 00 00 00 00 00 64 00 6f 00 6d 00 61 00 69 00 6e 00 75 00 73 00 65 00 72 00 6e 00 61 00 6d 00 65 00 33 00 31 00 39 00 32 00 64 00 34 00 30 00 65 00 34 00 61 00 62 00 64 00 d1 a5 8d be e0 52 d8 03 e9 8f bc f0 5a 9b eb 4e 8e 8b b1 9c b3 28 47 75 90 5b 65 3d e6 e6 a7 76 be 6a 2e 3b 94 7e 0f da 01 01 00 00 00 00 00 00 00 e8 79 92 2f 80 d7 01 8e 8b b1 9c b3 28 47 75 00 00 00 00 02 00 18 00 33 00 31 00 39 00 32 00 44 00 34 00 30 00 45 00 34 00 41 00 42 00 44 00 01 00 18 00 33 00 31 00 39 00 32 00 44 00 34 00 30 00 45 00 34 00 41 00 42 00 44 00 04 00 18 00 33 00 31 00 39 00 32 00 64 00 34 00 30 00 65 00 34 00 61 00 62 00 64 00 03 00 18 00 33 00 31 00 39 00 32 00 64 00 34 00 30 00 65 00 34 00 61 00 62 00 64 00 07 00 08 00 00 e8 79 92 2f 80 d7 01 06 00 04 00 02 00 00 00 0a 00 10 00 00 00 00 00 00 00 00 00 00 00 00 00 00 00 00 00 09 00 22 00 54 00 45 00 52 00 4d 00 53 00 52 00 56 00 2f 00 31 00 32 00 37 00 2e 00 30 00 2e 00 30 00 2e 00 31 00 00 00 00 00 00 00 00 00 00 00 00 00 00 00 00 00 c9 90 da ec a1 9d ef 1f 73 7f 12 8d 85 6a 40 57

NegotiateMessage[40]: 4e 54 4c 4d 53 53 50 00 01 00 00 00 b7 82 08 e2 00 00 00 00 00 00 00 00 00 00 00 00 00 00 00 00 06 01 b1 1d 00 00 00 0f
ChallengeMessage[208]: 4e 54 4c 4d 53 53 50 00 02 00 00 00 18 00 18 00 38 00 00 00 b7 82 88 e2 e6 5f b7 11 af d3 c4 fd 00 00 00 00 00 00 00 00 80 00 80 00 50 00 00 00 06 01 b1 1d 00 00 00 0f 34 00 37 00 37 00 43 00 38 00 34 00 32 00 36 00 43 00 37 00 39 00 38 00 02 00 18 00 34 00 37 00 37 00 43 00 38 00 34 00 32 00 36 00 43 00 37 00 39 00 38 00 01 00 18 00 34 00 37 00 37 00 43 00 38 00 34 00 32 00 36 00 43 00 37 00 39 00 38 00 04 00 18 00 34 00 37 00 37 00 63 00 38 00 34 00 32 00 36 00 63 00 37 00 39 00 38 00 03 00 18 00 34 00 37 00 37 00 63 00 38 00 34 00 32 00 36 00 63 00 37 00 39 00 38 00 07 00 08 00 80 3a 1b 82 3a 80 d7 01 00 00 00 00
AuthenticateMessage[430]: 4e 54 4c 4d 53 53 50 00 03 00 00 00 18 00 18 00 8c 00 00 00 fa 00 fa 00 a4 00 00 00 0c 00 0c 00 58 00 00 00 10 00 10 00 64 00 00 00 18 00 18 00 74 00 00 00 10 00 10 00 9e 01 00 00 35 b2 88 e2 06 01 b1 1d 00 00 00 0f 00 00 00 00 00 00 00 00 00 00 00 00 00 00 00 00 64 00 6f 00 6d 00 61 00 69 00 6e 00 75 00 73 00 65 00 72 00 6e 00 61 00 6d 00 65 00 34 00 37 00 37 00 63 00 38 00 34 00 32 00 36 00 63 00 37 00 39 00 38 00 c5 4e 7f 5b e6 ae a1 53 66 41 64 df 29 e6 43 8e 55 16 08 75 95 6f ae d7 68 e0 e0 e2 f7 1a 1d b2 65 0f d7 ab 02 e2 11 22 01 01 00 00 00 00 00 00 80 3a 1b 82 3a 80 d7 01 55 16 08 75 95 6f ae d7 00 00 00 00 02 00 18 00 34 00 37 00 37 00 43 00 38 00 34 00 32 00 36 00 43 00 37 00 39 00 38 00 01 00 18 00 34 00 37 00 37 00 43 00 38 00 34 00 32 00 36 00 43 00 37 00 39 00 38 00 04 00 18 00 34 00 37 00 37 00 63 00 38 00 34 00 32 00 36 00 63 00 37 00 39 00 38 00 03 00 18 00 34 00 37 00 37 00 63 00 38 00 34 00 32 00 36 00 63 00 37 00 39 00 38 00 07 00 08 00 80 3a 1b 82 3a 80 d7 01 06 00 04 00 02 00 00 00 0a 00 10 00 00 00 00 00 00 00 00 00 00 00 00 00 00 00 00 00 09 00 22 00 54 00 45 00 52 00 4d 00 53 00 52 00 56 00 2f 00 31 00 32 00 37 00 2e 00 30 00 2e 00 30 00 2e 00 31 00 00 00 00 00 00 00 00 00 00 00 00 00 00 00 00 00 8b 2f 39 53 85 b0 3a e8 48 f6 37 a7 80 f0 cc cf
MIC[16]: 04 27 5a 5e 49 68 8f 74 7c 24 31 a2 23 15 7f 6e

NegotiateMessage[40]: 4e 54 4c 4d 53 53 50 00 01 00 00 00 b7 82 08 e2 00 00 00 00 00 00 00 00 00 00 00 00 00 00 00 00 06 01 b1 1d 00 00 00 0f
ChallengeMessage[208]: 4e 54 4c 4d 53 53 50 00 02 00 00 00 18 00 18 00 38 00 00 00 b7 82 88 e2 e6 5f b7 11 af d3 c4 fd 00 00 00 00 00 00 00 00 80 00 80 00 50 00 00 00 06 01 b1 1d 00 00 00 0f 34 00 37 00 37 00 43 00 38 00 34 00 32 00 36 00 43 00 37 00 39 00 38 00 02 00 18 00 34 00 37 00 37 00 43 00 38 00 34 00 32 00 36 00 43 00 37 00 39 00 38 00 01 00 18 00 34 00 37 00 37 00 43 00 38 00 34 00 32 00 36 00 43 00 37 00 39 00 38 00 04 00 18 00 34 00 37 00 37 00 63 00 38 00 34 00 32 00 36 00 63 00 37 00 39 00 38 00 03 00 18 00 34 00 37 00 37 00 63 00 38 00 34 00 32 00 36 00 63 00 37 00 39 00 38 00 07 00 08 00 80 3a 1b 82 3a 80 d7 01 00 00 00 00
AuthenticateMessage[430]: 4e 54 4c 4d 53 53 50 00 03 00 00 00 18 00 18 00 8c 00 00 00 fa 00 fa 00 a4 00 00 00 0c 00 0c 00 58 00 00 00 10 00 10 00 64 00 00 00 18 00 18 00 74 00 00 00 10 00 10 00 9e 01 00 00 35 b2 88 e2 06 01 b1 1d 00 00 00 0f 00 00 00 00 00 00 00 00 00 00 00 00 00 00 00 00 64 00 6f 00 6d 00 61 00 69 00 6e 00 75 00 73 00 65 00 72 00 6e 00 61 00 6d 00 65 00 34 00 37 00 37 00 63 00 38 00 34 00 32 00 36 00 63 00 37 00 39 00 38 00 c5 4e 7f 5b e6 ae a1 53 66 41 64 df 29 e6 43 8e 55 16 08 75 95 6f ae d7 68 e0 e0 e2 f7 1a 1d b2 65 0f d7 ab 02 e2 11 22 01 01 00 00 00 00 00 00 80 3a 1b 82 3a 80 d7 01 55 16 08 75 95 6f ae d7 00 00 00 00 02 00 18 00 34 00 37 00 37 00 43 00 38 00 34 00 32 00 36 00 43 00 37 00 39 00 38 00 01 00 18 00 34 00 37 00 37 00 43 00 38 00 34 00 32 00 36 00 43 00 37 00 39 00 38 00 04 00 18 00 34 00 37 00 37 00 63 00 38 00 34 00 32 00 36 00 63 00 37 00 39 00 38 00 03 00 18 00 34 00 37 00 37 00 63 00 38 00 34 00 32 00 36 00 63 00 37 00 39 00 38 00 07 00 08 00 80 3a 1b 82 3a 80 d7 01 06 00 04 00 02 00 00 00 0a 00 10 00 00 00 00 00 00 00 00 00 00 00 00 00 00 00 00 00 09 00 22 00 54 00 45 00 52 00 4d 00 53 00 52 00 56 00 2f 00 31 00 32 00 37 00 2e 00 30 00 2e 00 30 00 2e 00 31 00 00 00 00 00 00 00 00 00 00 00 00 00 00 00 00 00 8b 2f 39 53 85 b0 3a e8 48 f6 37 a7 80 f0 cc cf
MIC[16]: 04 27 5a 5e 49 68 8f 74 7c 24 31 a2 23 15 7f 6e

NegotiateMessage[40]: 4e 54 4c 4d 53 53 50 00 01 00 00 00 b7 82 08 e2 00 00 00 00 00 00 00 00 00 00 00 00 00 00 00 00 06 01 b1 1d 00 00 00 0f
ChallengeMessage[208]: 4e 54 4c 4d 53 53 50 00 02 00 00 00 18 00 18 00 38 00 00 00 b7 82 88 e2 8b 5b e0 2e f9 02 10 71 00 00 00 00 00 00 00 00 80 00 80 00 50 00 00 00 06 01 b1 1d 00 00 00 0f 35 00 35 00 38 00 35 00 41 00 46 00 42 00 38 00 46 00 43 00 30 00 41 00 02 00 18 00 35 00 35 00 38 00 35 00 41 00 46 00 42 00 38 00 46 00 43 00 30 00 41 00 01 00 18 00 35 00 35 00 38 00 35 00 41 00 46 00 42 00 38 00 46 00 43 00 30 00 41 00 04 00 18 00 35 00 35 00 38 00 35 00 61 00 66 00 62 00 38 00 66 00 63 00 30 00 61 00 03 00 18 00 35 00 35 00 38 00 35 00 61 00 66 00 62 00 38 00 66 00 63 00 30 00 61 00 07 00 08 00 80 67 a6 e5 3c 80 d7 01 00 00 00 00
AuthenticateMessage[430]: 4e 54 4c 4d 53 53 50 00 03 00 00 00 18 00 18 00 8c 00 00 00 fa 00 fa 00 a4 00 00 00 0c 00 0c 00 58 00 00 00 10 00 10 00 64 00 00 00 18 00 18 00 74 00 00 00 10 00 10 00 9e 01 00 00 35 b2 88 e2 06 01 b1 1d 00 00 00 0f 00 00 00 00 00 00 00 00 00 00 00 00 00 00 00 00 64 00 6f 00 6d 00 61 00 69 00 6e 00 75 00 73 00 65 00 72 00 6e 00 61 00 6d 00 65 00 35 00 35 00 38 00 35 00 61 00 66 00 62 00 38 00 66 00 63 00 30 00 61 00 22 73 a7 83 36 03 87 a1 bd b3 d8 40 d4 3f e3 60 b2 1e 15 da e8 88 d2 2c 04 33 57 77 dc ff a5 0a ba b4 1d 3c e0 a9 86 aa 01 01 00 00 00 00 00 00 80 67 a6 e5 3c 80 d7 01 b2 1e 15 da e8 88 d2 2c 00 00 00 00 02 00 18 00 35 00 35 00 38 00 35 00 41 00 46 00 42 00 38 00 46 00 43 00 30 00 41 00 01 00 18 00 35 00 35 00 38 00 35 00 41 00 46 00 42 00 38 00 46 00 43 00 30 00 41 00 04 00 18 00 35 00 35 00 38 00 35 00 61 00 66 00 62 00 38 00 66 00 63 00 30 00 61 00 03 00 18 00 35 00 35 00 38 00 35 00 61 00 66 00 62 00 38 00 66 00 63 00 30 00 61 00 07 00 08 00 80 67 a6 e5 3c 80 d7 01 06 00 04 00 02 00 00 00 0a 00 10 00 00 00 00 00 00 00 00 00 00 00 00 00 00 00 00 00 09 00 22 00 54 00 45 00 52 00 4d 00 53 00 52 00 56 00 2f 00 31 00 32 00 37 00 2e 00 30 00 2e 00 30 00 2e 00 31 00 00 00 00 00 00 00 00 00 00 00 00 00 00 00 00 00 aa f1 a5 20 65 76 d8 43 ae d2 48 76 63 a7 8d 7f
ExportedSessionKey[16]: 38 4f 71 65 90 73 56 78 be 53 87 44 56 13 eb ad
MIC[16]: 95 f6 b2 4e 64 2f f4 83 94 56 fc 83 59 0a b0 b6

NegotiateMessage[40]: 4e 54 4c 4d 53 53 50 00 01 00 00 00 b7 82 08 e2 00 00 00 00 00 00 00 00 00 00 00 00 00 00 00 00 06 01 b1 1d 00 00 00 0f
ChallengeMessage[208]: 4e 54 4c 4d 53 53 50 00 02 00 00 00 18 00 18 00 38 00 00 00 b7 82 88 e2 8b 5b e0 2e f9 02 10 71 00 00 00 00 00 00 00 00 80 00 80 00 50 00 00 00 06 01 b1 1d 00 00 00 0f 35 00 35 00 38 00 35 00 41 00 46 00 42 00 38 00 46 00 43 00 30 00 41 00 02 00 18 00 35 00 35 00 38 00 35 00 41 00 46 00 42 00 38 00 46 00 43 00 30 00 41 00 01 00 18 00 35 00 35 00 38 00 35 00 41 00 46 00 42 00 38 00 46 00 43 00 30 00 41 00 04 00 18 00 35 00 35 00 38 00 35 00 61 00 66 00 62 00 38 00 66 00 63 00 30 00 61 00 03 00 18 00 35 00 35 00 38 00 35 00 61 00 66 00 62 00 38 00 66 00 63 00 30 00 61 00 07 00 08 00 80 67 a6 e5 3c 80 d7 01 00 00 00 00
AuthenticateMessage[430]: 4e 54 4c 4d 53 53 50 00 03 00 00 00 18 00 18 00 8c 00 00 00 fa 00 fa 00 a4 00 00 00 0c 00 0c 00 58 00 00 00 10 00 10 00 64 00 00 00 18 00 18 00 74 00 00 00 10 00 10 00 9e 01 00 00 35 b2 88 e2 06 01 b1 1d 00 00 00 0f 00 00 00 00 00 00 00 00 00 00 00 00 00 00 00 00 64 00 6f 00 6d 00 61 00 69 00 6e 00 75 00 73 00 65 00 72 00 6e 00 61 00 6d 00 65 00 35 00 35 00 38 00 35 00 61 00 66 00 62 00 38 00 66 00 63 00 30 00 61 00 22 73 a7 83 36 03 87 a1 bd b3 d8 40 d4 3f e3 60 b2 1e 15 da e8 88 d2 2c 04 33 57 77 dc ff a5 0a ba b4 1d 3c e0 a9 86 aa 01 01 00 00 00 00 00 00 80 67 a6 e5 3c 80 d7 01 b2 1e 15 da e8 88 d2 2c 00 00 00 00 02 00 18 00 35 00 35 00 38 00 35 00 41 00 46 00 42 00 38 00 46 00 43 00 30 00 41 00 01 00 18 00 35 00 35 00 38 00 35 00 41 00 46 00 42 00 38 00 46 00 43 00 30 00 41 00 04 00 18 00 35 00 35 00 38 00 35 00 61 00 66 00 62 00 38 00 66 00 63 00 30 00 61 00 03 00 18 00 35 00 35 00 38 00 35 00 61 00 66 00 62 00 38 00 66 00 63 00 30 00 61 00 07 00 08 00 80 67 a6 e5 3c 80 d7 01 06 00 04 00 02 00 00 00 0a 00 10 00 00 00 00 00 00 00 00 00 00 00 00 00 00 00 00 00 09 00 22 00 54 00 45 00 52 00 4d 00 53 00 52 00 56 00 2f 00 31 00 32 00 37 00 2e 00 30 00 2e 00 30 00 2e 00 31 00 00 00 00 00 00 00 00 00 00 00 00 00 00 00 00 00 aa f1 a5 20 65 76 d8 43 ae d2 48 76 63 a7 8d 7f
ExportedSessionKey[16]: 38 4f 71 65 90 73 56 78 be 53 87 44 56 13 eb ad
MIC[16]: 95 f6 b2 4e 64 2f f4 83 94 56 fc 83 59 0a b0 b6

NegotiateMessage[40]: 4e 54 4c 4d 53 53 50 00 01 00 00 00 b7 82 08 e2 00 00 00 00 00 00 00 00 00 00 00 00 00 00 00 00 06 01 b1 1d 00 00 00 0f
ChallengeMessage[208]: 4e 54 4c 4d 53 53 50 00 02 00 00 00 18 00 18 00 38 00 00 00 b7 82 88 e2 49 2a 58 f5 bd 4d 21 ad 00 00 00 00 00 00 00 00 80 00 80 00 50 00 00 00 06 01 b1 1d 00 00 00 0f 41 00 44 00 34 00 37 00 35 00 39 00 31 00 39 00 46 00 46 00 33 00 36 00 02 00 18 00 41 00 44 00 34 00 37 00 35 00 39 00 31 00 39 00 46 00 46 00 33 00 36 00 01 00 18 00 41 00 44 00 34 00 37 00 35 00 39 00 31 00 39 00 46 00 46 00 33 00 36 00 04 00 18 00 61 00 64 00 34 00 37 00 35 00 39 00 31 00 39 00 66 00 66 00 33 00 36 00 03 00 18 00 61 00 64 00 34 00 37 00 35 00 39 00 31 00 39 00 66 00 66 00 33 00 36 00 07 00 08 00 00 0f 30 00 44 80 d7 01 00 00 00 00
AuthenticateMessage[430]: 4e 54 4c 4d 53 53 50 00 03 00 00 00 18 00 18 00 8c 00 00 00 fa 00 fa 00 a4 00 00 00 0c 00 0c 00 58 00 00 00 10 00 10 00 64 00 00 00 18 00 18 00 74 00 00 00 10 00 10 00 9e 01 00 00 35 b2 88 e2 06 01 b1 1d 00 00 00 0f 00 00 00 00 00 00 00 00 00 00 00 00 00 00 00 00 64 00 6f 00 6d 00 61 00 69 00 6e 00 75 00 73 00 65 00 72 00 6e 00 61 00 6d 00 65 00 61 00 64 00 34 00 37 00 35 00 39 00 31 00 39 00 66 00 66 00 33 00 36 00 5a fd 51 3d 09 33 87 89 3a 39 4b fa e2 27 bf d2 9c a9 bc 80 34 7a 20 03 4d fc 83 b0 86 54 e0 a1 00 71 60 67 ce 62 a8 19 01 01 00 00 00 00 00 00 00 0f 30 00 44 80 d7 01 9c a9 bc 80 34 7a 20 03 00 00 00 00 02 00 18 00 41 00 44 00 34 00 37 00 35 00 39 00 31 00 39 00 46 00 46 00 33 00 36 00 01 00 18 00 41 00 44 00 34 00 37 00 35 00 39 00 31 00 39 00 46 00 46 00 33 00 36 00 04 00 18 00 61 00 64 00 34 00 37 00 35 00 39 00 31 00 39 00 66 00 66 00 33 00 36 00 03 00 18 00 61 00 64 00 34 00 37 00 35 00 39 00 31 00 39 00 66 00 66 00 33 00 36 00 07 00 08 00 00 0f 30 00 44 80 d7 01 06 00 04 00 02 00 00 00 0a 00 10 00 00 00 00 00 00 00 00 00 00 00 00 00 00 00 00 00 09 00 22 00 54 00 45 00 52 00 4d 00 53 00 52 00 56 00 2f 00 31 00 32 00 37 00 2e 00 30 00 2e 00 30 00 2e 00 31 00 00 00 00 00 00 00 00 00 00 00 00 00 00 00 00 00 ee aa 7e 9c 6c 8b 2e 3e 43 3b 22 cc a7 97 9b 78
ExportedSessionKey[16]: b3 fb 36 b5 57 49 f0 25 ee 45 06 de 78 10 da fe
MIC[16]: 16 5b bc d9 9a e4 c4 b4 69 87 be be e8 19 3b 1e

NegotiateMessage[40]: 4e 54 4c 4d 53 53 50 00 01 00 00 00 b7 82 08 e2 00 00 00 00 00 00 00 00 00 00 00 00 00 00 00 00 06 01 b1 1d 00 00 00 0f
ChallengeMessage[208]: 4e 54 4c 4d 53 53 50 00 02 00 00 00 18 00 18 00 38 00 00 00 b7 82 88 e2 49 2a 58 f5 bd 4d 21 ad 00 00 00 00 00 00 00 00 80 00 80 00 50 00 00 00 06 01 b1 1d 00 00 00 0f 41 00 44 00 34 00 37 00 35 00 39 00 31 00 39 00 46 00 46 00 33 00 36 00 02 00 18 00 41 00 44 00 34 00 37 00 35 00 39 00 31 00 39 00 46 00 46 00 33 00 36 00 01 00 18 00 41 00 44 00 34 00 37 00 35 00 39 00 31 00 39 00 46 00 46 00 33 00 36 00 04 00 18 00 61 00 64 00 34 00 37 00 35 00 39 00 31 00 39 00 66 00 66 00 33 00 36 00 03 00 18 00 61 00 64 00 34 00 37 00 35 00 39 00 31 00 39 00 66 00 66 00 33 00 36 00 07 00 08 00 00 0f 30 00 44 80 d7 01 00 00 00 00
AuthenticateMessage[430]: 4e 54 4c 4d 53 53 50 00 03 00 00 00 18 00 18 00 8c 00 00 00 fa 00 fa 00 a4 00 00 00 0c 00 0c 00 58 00 00 00 10 00 10 00 64 00 00 00 18 00 18 00 74 00 00 00 10 00 10 00 9e 01 00 00 35 b2 88 e2 06 01 b1 1d 00 00 00 0f 00 00 00 00 00 00 00 00 00 00 00 00 00 00 00 00 64 00 6f 00 6d 00 61 00 69 00 6e 00 75 00 73 00 65 00 72 00 6e 00 61 00 6d 00 65 00 61 00 64 00 34 00 37 00 35 00 39 00 31 00 39 00 66 00 66 00 33 00 36 00 5a fd 51 3d 09 33 87 89 3a 39 4b fa e2 27 bf d2 9c a9 bc 80 34 7a 20 03 4d fc 83 b0 86 54 e0 a1 00 71 60 67 ce 62 a8 19 01 01 00 00 00 00 00 00 00 0f 30 00 44 80 d7 01 9c a9 bc 80 34 7a 20 03 00 00 00 00 02 00 18 00 41 00 44 00 34 00 37 00 35 00 39 00 31 00 39 00 46 00 46 00 33 00 36 00 01 00 18 00 41 00 44 00 34 00 37 00 35 00 39 00 31 00 39 00 46 00 46 00 33 00 36 00 04 00 18 00 61 00 64 00 34 00 37 00 35 00 39 00 31 00 39 00 66 00 66 00 33 00 36 00 03 00 18 00 61 00 64 00 34 00 37 00 35 00 39 00 31 00 39 00 66 00 66 00 33 00 36 00 07 00 08 00 00 0f 30 00 44 80 d7 01 06 00 04 00 02 00 00 00 0a 00 10 00 00 00 00 00 00 00 00 00 00 00 00 00 00 00 00 00 09 00 22 00 54 00 45 00 52 00 4d 00 53 00 52 00 56 00 2f 00 31 00 32 00 37 00 2e 00 30 00 2e 00 30 00 2e 00 31 00 00 00 00 00 00 00 00 00 00 00 00 00 00 00 00 00 ee aa 7e 9c 6c 8b 2e 3e 43 3b 22 cc a7 97 9b 78
ExportedSessionKey[16]: b3 fb 36 b5 57 49 f0 25 ee 45 06 de 78 10 da fe
MIC[16]: 16 5b bc d9 9a e4 c4 b4 69 87 be be e8 19 3b 1e
